test:
  accuracy: 0.7455234159779615
  f1_macro: 0.7121307307815637
  precision_macro: 0.7359403281841809
  recall_macro: 0.6951092162616089
train:
  accuracy: 0.9542300310054629
  f1_macro: 0.94389170241673
  precision_macro: 0.9528785491737427
  recall_macro: 0.9357377583477812
