test:
  accuracy: 0.9139118457300276
  f1_macro: 0.9065530021569881
  precision_macro: 0.9297580806045135
  recall_macro: 0.8893161884939479
train:
  accuracy: 0.9737191790934593
  f1_macro: 0.9753374961412892
  precision_macro: 0.9772355761809431
  recall_macro: 0.9740248198670116
