test:
  accuracy: 0.9128787878787878
  f1_macro: 0.9056557774229468
  precision_macro: 0.9298835636563162
  recall_macro: 0.8876571164837911
train:
  accuracy: 0.9737191790934593
  f1_macro: 0.9753374961412892
  precision_macro: 0.9772355761809431
  recall_macro: 0.9740248198670116
