test:
  accuracy: 0.8
  f1_macro: 0.6787878787878787
  precision_macro: 0.8535353535353535
  recall_macro: 0.6590909090909091
train:
  accuracy: 1.0
  f1_macro: 1.0
  precision_macro: 1.0
  recall_macro: 1.0
